n_vars  1
ml_max  5
p_max   2

Cases Run
           0           0           0
           0           0           0
           0           1           1
           0           1           1
           0           1           1
           0           1           1


Mesh Size
           0           0           0
           0           0           0
           0  6.1546e-02  4.3519e-02
           0  3.1497e-02  2.1760e-02
           0  1.6137e-02  1.1136e-02
           0  8.2244e-03  5.6354e-03


L2 Errors

$u$
           0           0           0
           0           0           0
           0  1.5964e-01  1.9669e-02
           0  7.2262e-02  4.5496e-03
           0  3.5877e-02  1.2369e-03
           0  1.7746e-02  3.1557e-04


Convergence Orders

$u$
           0           0           0
           0           0           0
           0           0           0
           0  1.1832e+00  2.1122e+00
           0  1.0470e+00  1.9442e+00
           0  1.0444e+00  2.0055e+00

