n_vars  1
ml_max  4
p_max   2

Cases Run
           0           0           0
           0           0           0
           1           1           1
           1           1           1
           1           1           1


Mesh Size
           0           0           0
           0           0           0
  2.5000e-01  1.2500e-01  8.3333e-02
  1.2500e-01  6.2500e-02  4.1667e-02
  6.2500e-02  3.1250e-02  2.0833e-02


L2 Errors

$u$
           0           0           0
           0           0           0
  2.2110e-01  3.9756e-02  2.4619e-03
  1.1243e-01  9.0140e-03  3.1928e-04
  5.3961e-02  2.1546e-03  3.9744e-05


Convergence Orders

$u$
           0           0           0
           0           0           0
           0           0           0
  9.7567e-01  2.1409e+00  2.9469e+00
  1.0590e+00  2.0647e+00  3.0059e+00

