n_vars  1
ml_max  4
p_max   2

Cases Run
           0           0           0
           0           0           0
           0           1           1
           0           1           1
           0           1           1


Mesh Size
           0           0           0
           0           0           0
           0  1.2500e-01  8.3333e-02
           0  6.2500e-02  4.1667e-02
           0  3.1250e-02  2.0833e-02


L2 Errors

$u$
           0           0           0
           0           0           0
           0  3.3334e-02  2.3928e-03
           0  8.3114e-03  3.0830e-04
           0  2.0772e-03  3.8801e-05


Convergence Orders

$u$
           0           0           0
           0           0           0
           0           0           0
           0  2.0038e+00  2.9563e+00
           0  2.0005e+00  2.9901e+00

