n_vars  1
ml_max  5
p_max   2

Cases Run
           0           0           0
           0           0           0
           1           1           1
           1           1           1
           1           1           1
           1           1           1


Mesh Size
           0           0           0
           0           0           0
  1.1180e-01  6.1546e-02  4.3519e-02
  5.7354e-02  3.1497e-02  2.1760e-02
  2.9463e-02  1.6137e-02  1.1136e-02
  1.4940e-02  8.2244e-03  5.6354e-03


L2 Errors

$u$
           0           0           0
           0           0           0
  2.2640e-01  4.4803e-02  2.1145e-03
  1.8301e-01  1.3938e-02  3.8055e-04
  1.3073e-01  5.3860e-03  6.8462e-05
  9.2855e-02  1.9579e-03  1.1489e-05


Convergence Orders

$u$
           0           0           0
           0           0           0
           0           0           0
  3.1876e-01  1.7430e+00  2.4742e+00
  5.0503e-01  1.4217e+00  2.5606e+00
  5.0375e-01  1.5014e+00  2.6205e+00

