n_vars  1
ml_max  5
p_max   2

Cases Run
           0           0           0
           0           0           0
           1           1           1
           1           1           1
           1           1           1
           1           1           1


Mesh Size
           0           0           0
           0           0           0
  1.1180e-01  6.1546e-02  4.3519e-02
  5.7354e-02  3.1497e-02  2.1760e-02
  2.9463e-02  1.6137e-02  1.1136e-02
  1.4940e-02  8.2244e-03  5.6354e-03


L2 Errors

$u$
           0           0           0
           0           0           0
  1.1944e-01  1.6599e-02  8.7925e-04
  6.4940e-02  4.0617e-03  1.2529e-04
  3.3246e-02  1.0654e-03  1.6214e-05
  1.6874e-02  2.7362e-04  2.0889e-06


Convergence Orders

$u$
           0           0           0
           0           0           0
           0           0           0
  9.1293e-01  2.1014e+00  2.8111e+00
  1.0051e+00  2.0010e+00  3.0524e+00
  9.9863e-01  2.0168e+00  3.0087e+00

