n_vars  1
ml_max  5
p_max   2

Cases Run
           0           0           0
           0           0           0
           1           1           1
           1           1           1
           1           1           1
           1           1           1


Mesh Size
           0           0           0
           0           0           0
  1.1180e-01  6.1546e-02  4.3519e-02
  5.7354e-02  3.1497e-02  2.1760e-02
  2.9463e-02  1.6137e-02  1.1136e-02
  1.4940e-02  8.2244e-03  5.6354e-03


L2 Errors

$u$
           0           0           0
           0           0           0
  1.8215e-01  2.6290e-02  1.8065e-03
  9.6051e-02  6.1010e-03  2.3151e-04
  4.4852e-02  1.5799e-03  2.8526e-05
  2.1961e-02  3.3464e-04  3.7069e-06


Convergence Orders

$u$
           0           0           0
           0           0           0
           0           0           0
  9.5877e-01  2.1806e+00  2.9641e+00
  1.1432e+00  2.0202e+00  3.1256e+00
  1.0515e+00  2.3027e+00  2.9960e+00

