n_vars  1
ml_max  5
p_max   2

Cases Run
           0           0           0
           0           0           0
           1           1           1
           1           1           1
           1           1           1
           1           1           1


Mesh Size
           0           0           0
           0           0           0
  1.1180e-01  6.1546e-02  4.3519e-02
  5.7354e-02  3.1497e-02  2.1760e-02
  2.9463e-02  1.6137e-02  1.1136e-02
  1.4940e-02  8.2244e-03  5.6354e-03


L2 Errors

$u$
           0           0           0
           0           0           0
  1.4916e-01  2.2397e-02  1.7507e-03
  7.4293e-02  5.1721e-03  2.3444e-04
  3.5806e-02  1.4553e-03  2.8959e-05
  1.8275e-02  3.2345e-04  3.7119e-06


Convergence Orders

$u$
           0           0           0
           0           0           0
           0           0           0
  1.0442e+00  2.1879e+00  2.9007e+00
  1.0958e+00  1.8961e+00  3.1219e+00
  9.9041e-01  2.2313e+00  3.0161e+00

