n_vars  1
ml_max  4
p_max   2

Cases Run
           0           0           0
           0           0           0
           1           1           1
           1           1           1
           1           1           1


Mesh Size
           0           0           0
           0           0           0
  2.5000e-01  1.2500e-01  8.3333e-02
  1.2500e-01  6.2500e-02  4.1667e-02
  6.2500e-02  3.1250e-02  2.0833e-02


L2 Errors

$u$
           0           0           0
           0           0           0
  3.7968e-01  4.2683e-02  2.9225e-03
  1.7974e-01  1.0675e-02  3.6886e-04
  8.7621e-02  2.6736e-03  4.6124e-05


Convergence Orders

$u$
           0           0           0
           0           0           0
           0           0           0
  1.0789e+00  1.9994e+00  2.9861e+00
  1.0366e+00  1.9974e+00  2.9994e+00

